-0.0808	
-0.1155	
-0.01425	
-0.1088	
0.000369	
-0.01229	
-0.1644	
0.1564	
-0.07075	
-0.1309	
-0.1124	
0.05419	
-0.05685	
-0.04171	
-0.1797	
-0.1082	
0.0841	
0.1492	
0.06997	
0.3025	
0.06421	
0.08909	
0.08888	
-0.124	
0.08915	
0.009353	
0.09503	
-0.008723	
-0.007692	
0.001111	
-0.05253	
0.1875	
-0.002125	
-0.06255	
-0.09821	
0.0644	
-0.1405	
-0.1577	
0.04062	
-0.2194	
-0.3552	
-0.1819	
-0.05345	
-0.1486	
0.0779	
0.02469	
-0.1221	
-0.08413	
0.04334	
0.1811	
-0.285	
0.2717	
0.2065	
-0.2394	
-0.01353	
0.03135	
-0.000883	
0.02909	
-0.2875	
-0.1497	
0.05746	
-0.07989	
-0.1838	
0.05477	
0.0114	
-0.3756	
-0.3855	
0.02046	
0.06792	
-0.01622	
-0.08853	
0.04776	
-0.07901	
-0.02015	
0.05658	
0.0202	
0.02982	
-0.02346	
0.2326	
-0.1384	
0.09706	
-0.0656	
0.218	
0.04556	
0.1917	
0.1941	
0.07924	
0.1598	
0.02898	
0.08311	
0.06346	
0.1392	
0.01035	
0.1526	
-0.05118	
0.04019	
0.2121	
0.0533	
-0.0816	
0.2212	
0.07867	
0.06706	
0.1345	
0.1556	
0.1564	
0.1545	
0.2142	
0.1708	
0.1227	
-0.002519	
-0.04211	
0.1775	
-0.04271	
0.01901	
0.02979	
0.02442	
0.1474	
0.08578	
-0.1038	
0.1031	
0.02572	
0.03353	
0.04365	
0.04619	
0.0184	
-0.009901	
0.02797	
0.193	
-0.04073	
0.08489	
-0.144	
-0.04344	
0.01196	
0.05508	
0.09603	
-0.1651	
0.004159	
0.007627	
0.08123	
0.1008	
0.07688	
-0.01887	
0.03223	
-0.1896	
-0.0557	
-0.2137	
-0.639	
-0.1113	
0.1366	
-0.2436	
-0.231	
-0.04583	
-0.3111	
-0.4525	
0.2343	
-0.01071	
-0.2433	
-0.007829	
-0.06782	
0.1192	
0.1037	
0.0879	
-0.08135	
0.05442	
0.1322	
-0.1492	
-0.01548	
-0.04784	
-0.07508	
0.1067	
0.1247	
0.05791	
-0.004537	
-0.03727	
-0.1037	
-0.01962	
-0.01106	
-0.045	
0.0911	
0.008128	
-0.004526	
-0.03876	
0.02288	
0.1142	
-0.04287	
-0.02794	
-0.007318	
-0.2046	
-0.01486	
0.1564	
-0.01013	
-0.05508	
0.03872	
-0.02594	
-0.004705	
-0.02739	
-0.05339	
0.1251	
-0.01357	
-0.003499	
0.003635	
-0.0311	
-0.07872	
-0.04943	
-0.08066	
0.01472	
0.001397	
0.07326	
0.04417	
0.0636	
-0.176	
0.08079	
0.121	
-0.023	
0.116	
0.1191	
0.09552	
0.195	
0.07063	
0.087	
0.06289	
0.06414	
0.08171	
0.002563	
0.008624	
-0.06931	
0.06463	
0.02312	
-0.0347	
-0.07439	
0.03061	
0.1128	
-0.06573	
-0.2415	
0.05227	
-0.07044	
0.1608	
0.04507	
0.1618	
-0.3459	
-0.3069	
0.08315	
0.01333	
0.05802	
-0.02542	
-0.02768	
-0.3642	
-0.08935	
-0.3376	
-0.2277	
-0.3254	
-0.2341	
-0.1681	
-0.1508	
-0.2525	
0.06281	
-0.1666	
0.05242	
-0.1985	
-0.09806	
-0.1161	
-0.1361	
-0.1378	
-0.1044	
-0.2559	
-0.1411	
-0.1486	
-0.2729	
-0.1607	
-0.5052	
-0.5726	
-0.1092	
-0.3314	
-0.05509	
-0.242	
-0.001262	
-0.2361	
-0.2284	
-0.02037	
0.006083	
-0.1777	
0.0501	
-0.06371	
-0.4221	
-0.13	
-0.2248	
-0.3594	
-0.1554	
-0.3334	
-0.4118	
-0.409	
-0.152	
-0.0138	
-0.1914	
-0.2896	
-0.1502	
0.07075	
-0.1395	
-0.009612	
-0.08474	
-0.4009	
0.09064	
0.05424	
-0.06405	
-0.3039	
-0.2452	
-0.2696	
0.02581	
-0.2289	
-0.2895	
0.04019	
-0.1869	
-0.1446	
-0.3178	
-0.1527	
-0.2458	
-0.1973	
0.02936	
0.1401	
-0.1015	
-0.04335	
0.04544	
0.06335	
0.1377	
0.1758	
-0.1645	
-0.1224	
-0.01367	
-0.3718	
-0.000766	
-0.1157	
-0.2565	
0.05892	
-0.02186	
-0.1065	
0.1839	
0.05682	
0.1067	
0.124	
-0.0873	
-0.04334	
-0.1678	
-0.1449	
-0.2473	
-0.2727	
0.01813	
-0.06301	
0.0546	
0.03088	
-0.1683	
-0.597	
-0.2444	
0.09087	
-0.1733	
-0.1821	
-0.1566	
-0.09386	
0.01477	
-0.1725	
-0.2135	
0.0723	
-0.08559	
-0.3147	
-0.2453	
-0.381	
-0.2143	
-0.3004	
-0.05286	
-0.1955	
-0.03621	
0.1351	
-0.2987	
-0.1309	
-0.01611	
0.05867	
0.08341	
-0.000343	
0.2547	
0.2729	
0.2736	
-0.1699	
0.03603	
0.06895	
0.2123	
0.1687	
-0.1019	
-0.08444	
0.122	
0.0181	
0.121	
0.1812	
0.03469	
-0.1698	
-0.05721	
0.004234	
-0.1565	
0.06366	
-0.04948	
-0.0268	
-0.265	
-0.1831	
0.05065	
-0.3273	
-0.2876	
0.1238	
-0.09471	
-0.08835	
-0.1845	
-0.3213	
0.07589	
-0.4042	
-0.02689	
-0.2311	
-0.3786	
-0.237	
0.06925	
-0.1384	
0.05187	
-0.2334	
-0.1808	
-0.278	
0.08965	
-0.168	
-0.4274	
-0.1286	
-0.3523	
-0.318	
